0 2 6 2 0 0 3 0 2 0 1 13 2 16 0 2 0 9 8 19 1 2 0 0 2 0
1 0 0 0 6 0 0 0 3 1 0 3 0 0 1 0 0 0 1 0 1 0 0 0 2 0
5 0 1 0 6 0 0 6 3 0 1 1 0 0 8 0 0 1 0 7 2 0 0 0 0 0
1 0 0 0 8 0 1 0 4 0 0 0 0 0 2 0 0 0 1 0 1 0 0 0 0 0
6 0 6 10 3 2 2 0 1 0 0 6 8 17 1 2 0 20 14 4 0 4 2 6 1 0
2 0 0 0 2 1 0 0 3 0 0 1 0 0 5 0 0 1 0 0 1 0 0 0 0 0
1 0 0 0 6 0 0 2 2 0 0 0 0 0 1 0 0 1 0 0 3 0 0 0 0 0
7 0 0 0 23 0 0 0 5 0 0 0 0 0 4 0 0 1 0 1 1 0 0 0 0 0
2 2 7 2 3 2 3 0 0 0 0 3 2 25 11 1 0 2 11 11 0 3 0 0 0 0
0 0 0 0 1 0 0 0 0 0 0 0 0 0 0 0 0 0 0 0 0 0 0 0 0 0
0 0 0 0 2 0 0 0 1 0 0 0 0 1 0 0 0 0 1 0 0 0 0 0 0 0
5 0 0 2 9 0 2 0 5 0 0 4 0 0 3 0 0 0 1 1 4 0 0 0 4 0
6 1 0 0 6 0 0 0 2 0 0 0 1 0 3 3 0 0 2 0 1 0 0 0 0 0
4 0 5 10 7 1 10 0 3 0 0 2 0 1 3 0 0 0 6 12 1 1 0 0 1 0
1 1 2 2 0 10 1 0 1 0 0 2 5 20 1 2 0 13 2 3 5 2 3 0 0 0 
2 0 0 0 4 0 0 1 1 0 0 3 0 0 4 3 0 6 0 1 1 0 0 0 0 0
0 0 0 0 0 0 0 0 0 0 0 0 0 0 0 0 0 0 0 0 1 0 0 0 0 0
8 0 1 1 20 1 1 0 6 0 1 1 3 1 6 0 0 1 3 3 1 0 0 0 1 0
1 0 2 0 11 0 0 2 7 0 1 0 0 0 3 2 0 0 5 11 4 0 0 0 3 0
5 0 0 0 20 0 0 30 18 0 0 1 0 0 10 0 0 3 4 1 4 0 1 0 2 0
4 1 2 1 2 0 1 0 2 0 0 3 2 3 0 0 0 5 4 4 0 0 0 0 0 0
4 0 0 0 7 0 0 0 2 0 0 0 0 0 1 0 0 0 0 0 0 0 0 0 0 0
2 0 0 0 5 0 0 3 2 0 0 0 0 0 2 0 0 0 0 0 0 0 0 0 0 0
1 0 0 0 0 0 0 0 0 0 0 0 0 0 0 1 0 0 0 3 0 0 0 0 0 0
0 0 0 0 0 0 0 0 0 0 0 0 0 0 0 0 0 0 3 0 0 0 0 0 0 0
0 0 0 0 0 0 0 0 0 0 0 0 0 0 0 0 0 0 0 0 0 0 0 0 0 0